252
794
421
738
591
855
624
136
578
380
996
155
615
720
712
228
816
774
604
143
426
868
225
657
535
47
927
135
50
327
501
854
607
967
217
476
593
878
716
890
508
412
521
443
81
953
146
71
277
88
307
765
710
29
494
98
181
472
255
359
971
719
641
163
941
287
929
72
699
924
764
992
209
945
867
531
112
870
264
863
977
259
523
930
447
757
869
60
763
140
376
408
198
478
770
910
731
632
818
200
698
665
758
21
608
921
795
35
750
361
981
739
189
475
916
783
260
660
352
819
581
564
456
40
89
378
77
269
823
159
891
798
87
131
404
212
939
310
613
639
541
485
350
210
672
949
946
586
503
469
978
180
355
42
232
441
290
57
68
49
544
244
846
191
936
289
55
596
175
46
805
709
694
481
554
562
876
166
979
116
695
963
132
294
100
841
31
861
196
850
793
436
897
648
107
988
491
962
834
715
618
652
372
63
399
524
301
509
238
216
832
48
250
437
176
130
25
803
374
548
522
36
151
219
64
882
952
182
517
546
839
656
331
542
120
631
724
635
6
785
319
619
893
321
246
83
909
602
680
99
616
879
8
282
41
344
975
701
9
947
560
233
972
314
583
948
555
933
885
245
5
299
900
789
500
906
258
85
221
804
741
18
887
516
354
626
102
235
684
802
54
261
829
145
920
434
340
651
313
585
788
536
886
0
179
721
773
553
61
755
732
240
740
551
964
973
4
688
431
236
291
488
959
848
745
123
101
248
322
477
687
377
429
379
498
883
675
526
937
483
880
339
812
470
229
702
904
309
525
787
707
851
239
2
982
302
1
243
512
214
690
190
126
206
312
347
725
576
722
348
756
471
896
316
777
931
650
559
676
194
543
540
308
847
606
411
504
797
907
634
577
382
704
598
205
611
371
410
905
976
693
862
103
573
337
784
458
10
487
814
726
86
139
835
336
677
730
864
954
594
28
366
985
365
776
19
800
791
211
640
80
174
993
39
943
338
121
170
736
231
519
420
152
912
104
138
253
93
717
970
490
957
808
974
711
397
744
317
393
96
311
582
449
782
603
3
413
518
888
391
305
940
679
59
528
628
134
786
234
700
762
743
537
172
575
486
747
208
592
127
153
137
295
568
574
742
433
92
533
427
467
52
482
34
918
571
66
230
662
58
193
545
820
836
923
673
991
530
266
110
799
422
614
162
115
658
767
197
749
636
187
74
440
414
668
734
342
358
168
373
566
328
444
184
901
401
70
177
390
495
884
62
273
303
654
405
552
580
455
454
686
806
370
237
461
171
148
7
11
12
13
14
15
16
17
20
22
23
24
26
27
30
32
33
37
38
43
44
45
51
53
56
65
67
69
73
75
76
78
79
82
84
90
91
94
95
97
105
106
108
109
111
113
114
117
118
119
122
124
125
128
129
133
141
142
144
147
149
150
154
156
157
158
160
161
164
165
167
169
173
178
183
185
186
188
192
195
199
201
202
203
204
207
213
215
218
220
222
223
224
226
227
241
242
247
249
251
254
256
257
262
263
265
267
268
270
271
272
274
275
276
278
279
280
281
283
284
285
286
288
292
293
296
297
298
300
304
306
315
318
320
323
324
325
326
329
330
332
333
334
335
341
343
345
346
349
351
353
356
357
360
362
363
364
367
368
369
375
381
383
384
385
386
387
388
389
392
394
395
396
398
400
402
403
406
407
409
415
416
417
418
419
423
424
425
428
430
432
435
438
439
442
445
446
448
450
451
452
453
457
459
460
462
463
464
465
466
468
473
474
479
480
484
489
492
493
496
497
499
502
505
506
507
510
511
513
514
515
520
527
529
532
534
538
539
547
549
550
556
557
558
561
563
565
567
569
570
572
579
584
587
588
589
590
595
597
599
600
601
605
609
610
612
617
620
621
622
623
625
627
629
630
633
637
638
642
643
644
645
646
647
649
653
655
659
661
663
664
666
667
669
670
671
674
678
681
682
683
685
689
691
692
696
697
703
705
706
708
713
714
718
723
727
728
729
733
735
737
746
748
751
752
753
754
759
760
761
766
768
769
771
772
775
778
779
780
781
790
792
796
801
807
809
810
811
813
815
817
821
822
824
825
826
827
828
830
831
833
837
838
840
842
843
844
845
849
852
853
856
857
858
859
860
865
866
871
872
873
874
875
877
881
889
892
894
895
898
899
902
903
908
911
913
914
915
917
919
922
925
926
928
932
934
935
938
942
944
950
951
955
956
958
960
961
965
966
968
969
980
983
984
986
987
989
990
994
995
997
998
999
